159487
478462
239231
717694
358847
1076542
538271
1614814
807407
2422222
1211111
3633334
1816667
5450002
2725001
8175004
4087502
2043751
6131254
3065627
9196882
4598441
13795324
6897662
3448831
10346494
5173247
15519742
7759871
23279614
11639807
34919422
17459711
52379134
26189567
78568702
39284351
117853054
58926527
176779582
88389791
265169374
132584687
397754062
198877031
596631094
298315547
894946642
447473321
1342419964
671209982
335604991
1006814974
503407487
1510222462
755111231
2265333694
1132666847
3398000542
1699000271
802033518
401016759
1203050278
601525139
1804575418
902287709
2706863128
1353431564
676715782
338357891
1015073674
507536837
1522610512
761305256
380652628
190326314
95163157
285489472
142744736
71372368
35686184
17843092
8921546
4460773
13382320
6691160
3345580
1672790
836395
2509186
1254593
3763780
1881890
940945
2822836
1411418
705709
2117128
1058564
529282
264641
793924
396962
198481
595444
297722
148861
446584
223292
111646
55823
167470
83735
251206
125603
376810
188405
565216
282608
141304
70652
35326
17663
52990
26495
79486
39743
119230
59615
178846
89423
268270
134135
402406
201203
603610
301805
905416
452708
226354
113177
339532
169766
84883
254650
127325
381976
190988
95494
47747
143242
71621
214864
107432
53716
26858
13429
40288
20144
10072
5036
2518
1259
3778
1889
5668
2834
1417
4252
2126
1063
3190
1595
4786
2393
7180
3590
1795
5386
2693
8080
4040
2020
1010
505
1516
758
379
1138
569
1708
854
427
1282
641
1924
962
481
1444
722
361
1084
542
271
814
407
1222
611
1834
917
2752
1376
688
344
172
86
43
130
65
196
98
49
148
74
37
112
56
28
14
7
22
11
34
17
52
26
13
40
20
10
5
16
8
4
2
1
