17.406,24.55,693.8
6.2152,70.435,1502.6
40.666,77.461,1983.6
46.306,82.265,2135.2
20.267,80.619,1840.2
86.955,25.377,1403.3
59.794,80.05,2222.5
2.3014,62.971,1310.9
89.943,23.15,1388.9
45.295,38.108,1252.9
5.8026,45.32,997.07
10.627,50.056,1127.7
99.843,54.057,2115.4
86.633,34.515,1583.9
61.521,29.143,1220.2
2.6944,70.353,1466.7
32.252,93.408,2226.8
46.378,59.417,1683.6
9.9017,59.309,1317.2
57.099,73.873,2074.5
32.588,37.264,1100.4
45.049,45.327,1386.5
57.784,50.938,1625.4
7.4844,92.871,1965.9
5.7343,45.079,985.05
30.096,63.743,1604.2
52.172,45.936,1468.2
56.188,55.377,1701.5
24.155,4.1233,360.32
91.272,80.22,2556
82.573,67.151,2209.2
44.455,20.033,870.18
98.206,1.4586,1037.6
57.827,76.317,2144.3
23.442,56.751,1401.3
81.059,65.421,2146.3
45.127,63.474,1757.8
24.997,73.433,1740.9
95.544,88.733,2757.8
14.265,66.591,1499.8
51.256,12.067,789.51
97.193,71.374,2439.2
64.832,44.723,1576.5
61.467,64.098,1934.1
46.965,64.89,1805.3
57.778,67.838,1968
91.131,5.8828,1056.4
37.622,22.395,858.67
22.876,16.798,596.38
42.352,92.853,2305
27.36,51.523,1331.3
44.457,67.336,1828.8
62.752,66.78,1987.4
53.464,8.1461,729.18
38.544,22.507,861.78
87.345,28.419,1474.6
30.035,91.376,2153
40.003,22.91,881.95
51.772,24.862,1046.1
6.1825,67.629,1440
23.137,64.849,1564.9
11.849,70.368,1558.4
9.878,83.71,1801.3
89.028,72.73,2373.1
3.3389,1.9434,92.267
83.903,58.375,2036.5
50.727,92.088,2389.9
11.372,9.1678,328.61
49.045,55.456,1624.4
59.944,93.08,2492.7
9.0216,19.945,522.77
97.822,52.532,2052.2
65.302,12.674,939.13
46.113,74.873,1995.7
86.376,31.467,1524.2
26.283,18.717,665.67
82.396,98.04,2809.7
32.898,71.283,1785
94.13,82.565,2617.5
24.411,68.322,1638.9
95.711,68.94,2363.8
51.082,53.088,1602.3
56.458,18.885,974.61
99.372,49.302,2007.6
77.098,55.954,1920.4
31.38,82.828,1991.8
5.7873,20.287,498.62
4.4074,52.775,1124.6
81.294,80.781,2457.2
41.207,35.51,1153.1
38.416,54.776,1514.1
52.313,71.744,1984
89.215,20.251,1327.3
40.592,64.376,1720.5
60.439,0.0089016,629.13
9.4804,51.318,1151
33.598,56.983,1504.8
14.484,0.70367,188.71
24.488,89.247,2054.7
37.897,83.319,2072.8
27.032,77.517,1852.3
21.56,78.814,1825.3
63.373,37.363,1409.6
79.972,15.231,1144.3
20.851,35.226,937.95
89.626,64.51,2209.7
74.571,93.194,2647.8
53.639,9.3321,748.39
96.997,73.878,2476.6
56.488,5.5267,700.46
21.769,75.716,1756.1
85.776,46.349,1810.9
86.2,4.5004,981.19
31.33,84.203,2025.1
32.698,16.471,690.74
84.001,11.507,1098.1
49.253,27.156,1072
5.1902,31.439,706.56
77.802,60.609,2012.4
42.667,67.747,1813.1
27.996,98.764,2291.8
33.351,99.326,2348.9
36.694,75.754,1918.2
79.479,27.506,1373.7
3.8691,95.401,1973.6
72.667,41.108,1572.6
87.268,21.662,1341.3
28.581,62.913,1567.6
65.685,1.4869,714.96
23.189,4.33,344.59
62.195,18.026,1008.6
7.5124,20.047,504.64
96.676,71.936,2436.2
60.997,44.287,1526.9
38.372,84.549,2100.5
3.057,38.979,841.85
85.757,83.755,2565.2
60.354,74.842,2129.7
84.784,58.386,2044.4
50.462,16.057,849.72
0.79108,52.884,1097.1
91.907,46.267,1882.6
41.07,37.954,1203.5
73.237,9.323,948.25
15.111,25.915,702.28
81.523,33.584,1517.8
90.96,37.511,1692.7
77.794,14.626,1101.1
75.712,31.677,1420.7
40.52,28.123,1005.6
70.19,82.012,2372.8
56.546,34.209,1282.8
58.474,87.2,2362.6
34.491,26.803,917.61
70.423,77.543,2284.3
16.086,60.921,1412.4
0.15139,1.7969,67.78
56.2,70.151,1992.6
54.648,1.5752,607.48
55.083,68.389,1951.6
69.454,87.79,2476.6
92.749,43.181,1829
94.421,63.134,2246.3
90.326,58.604,2101.7
60.411,22.741,1087.2
92.621,78.465,2527.8
11.695,28.764,724.23
34.08,92.438,2226.5
3.673,29.848,663.32
53.837,53.63,1648.9
73.723,33.365,1430.3
18.122,23.729,686.21
42.625,54.524,1548.3
9.8168,10.769,338.7
30.322,13.716,607.83
78.012,9.4427,997.65
53.696,31.088,1193
76.907,81.264,2427.1
63.894,51.356,1705.3
89.315,86.648,2661.1
6.069,98.049,2052.2
17.577,32.665,849.48
41.633,21.962,884.91
73.979,51.822,1802.4
89.295,35.301,1640.9
2.5853,85.948,1775.2
13.756,26.002,689.48
42.409,84.372,2143.5
76.457,58.28,1959.6
52.444,71.941,1984.1
75.448,34.352,1482
16.98,0.92739,220.14
67.273,19.245,1083.6
61.865,50.739,1662.3
0.68461,2.4242,93.299
74.023,55.004,1871.1
99.174,27.618,1575
12.818,69.624,1549
36.058,88.135,2145.7
19.107,2.4681,266.89
71.44,34.121,1422.5
17.787,42.141,1051
98.685,8.0011,1177.6
1.6999,7.9354,204.8
3.9796,7.2376,218.2
80.433,90.034,2633.3
85.979,96.931,2829.6
56.625,39.131,1374.5
75.411,31.359,1406.4
51.951,55.331,1654.7
58.59,79.205,2204.1
19.073,79.831,1818.3
50.344,86.326,2261.4
5.0915,79.796,1673.3
5.6096,0.63764,95.41
33.52,91.99,2207.9
63.09,1.7962,699.06
89.198,2.9416,974.18
67.34,71.145,2118.8
68.527,53.841,1797.2
69.574,52.459,1774.8
79.983,50.224,1833.5
66.061,6.5672,823.84
51.994,23.004,1009.5
33.174,11.704,596.88
93.417,98.977,2946.1
24.648,7.0516,409.43
51.121,6.0024,661.33
74.032,66.158,2093.3
25.417,34.406,974.3
84.558,12.851,1134.1
53.815,63.714,1836.2
91.014,74.649,2433.8
35.071,80.527,1986.2
93.532,26.903,1501.6
92.772,43.398,1826.2
58.77,40.181,1426.1
10.176,60.814,1350.4
36.688,77.009,1938.4
27.585,94.112,2181
26.61,13.146,559.58
22.654,25.572,773.85
0.13208,37.831,777.36
89.301,99.374,2912.8
45.35,34.095,1153.1
57.842,89.955,2406
31.561,23.748,822.56
99.402,22,1455.5
98.389,99.108,2999.8
96.455,95.111,2897.8
66.627,63.822,1977.5
72.616,50.413,1766.9
33.404,35.812,1078
52.277,76.845,2091.3
27.335,78.436,1872
71.838,2.8918,796.77
77.802,5.2441,914.59
8.1064,32.342,759.59
22.158,79.969,1853.1
20.396,63.023,1495
62.41,98.28,2619.1
72.521,15.825,1058.3
83.436,61.668,2105.5
1.8895,30.872,661.71
20.212,8.5079,398.67
46.909,87.683,2256.9
37.84,59.07,1587
34.039,30.312,971.64
6.3851,16.807,433.2
76.134,33.988,1469.8
40.266,6.7446,561.95
67.429,65.349,2019.5
55.108,24.429,1068.1
5.1457,75.792,1593.4
30.75,29.901,928.75
96.544,41.882,1831.4
93.148,5.5832,1080.9
37.803,3.0856,472.88
61.767,18.658,1015.7
56.253,27.091,1133.3
83.056,6.6243,997.35
95.77,33.349,1662.5
7.5506,4.9906,204.67
88.802,10.131,1116.6
56.245,7.187,737.63
19.436,90.451,2027.7
22.145,31.18,879.46
70.576,59.177,1914.6
59.676,37.763,1378.9
58.63,95.156,2509.5
96.849,74.24,2478.5
58.174,88.709,2387.2
9.98,59.89,1333.6
16.66,68.963,1581.4
10.209,39.112,906.26
14.625,22.327,621.01
67.156,13.126,964.04
63.985,17.248,1014.7
37.244,93.86,2280.7
16.287,3.4482,262.74
38.952,87.956,2176
79.998,52.233,1873.4
39.979,80.825,2042.8
75.512,44.758,1676.9
29.521,34.654,1023
64.001,75.715,2178.3
88.512,36.021,1633.7
20.964,55.661,1346.9
48.036,88.872,2291
11.299,84.016,1817.9
13.237,24.403,641.93
6.4002,43.562,958.79
7.9297,82.855,1769.1
62.695,15.27,973.04
41.133,75.795,1954.4
63.859,87.651,2425.7
85.656,50.212,1898.9
76.358,57.027,1940.2
97.616,85.148,2717.2
78.154,98.464,2777.8
93.558,79.021,2551.2
73.915,35.068,1469.3
25.362,50.19,1280
71.925,25.521,1257.9
69.351,50.987,1745
77.332,7.862,969.73
74.722,5.5899,893.5
31.838,63.499,1619.6
51.043,61.69,1779.2
77.307,8.1473,963.44
57.282,60.952,1815.3
95.385,54.467,2069.8
17.157,85.592,1907.5
90.724,64.269,2227.5
75.222,27.163,1324.8
28.618,10.675,523.73
62.741,6.0513,777.4
46.283,62.188,1732.4
12.944,69.907,1556
54.938,27.494,1136.4
96.951,42.197,1850.9
44.214,36.582,1200.1
59.096,8.2159,783.41
11.097,6.977,282.63
19.985,12.089,472.2
16.296,67.785,1546.1
3.6877,21.894,509.86
27.272,23.728,770.19
23.013,0.86346,290.14
35.854,72.711,1841
13.434,56.103,1288.4
99.859,55.197,2129
51.352,74.225,2022.9
38.785,82.463,2072.8
24.985,39.339,1066.8
36.475,13.594,667.79
39.906,19.574,821.17
92.63,72.03,2400.4
49.547,66.963,1873.4
60.919,5.985,762.21
0.48085,38.428,806.8
58.773,49.124,1606.4
77.746,77.416,2360.3
65.718,14.781,977.06
52.831,48.553,1528.1
82.577,7.1835,991.32
96.243,78.744,2570.2
31.374,39.373,1140.7
79.709,23.616,1307.3
28.518,8.0568,480.92
1.4895,7.9005,198.21
9.415,92.743,1975.3
32.872,20.472,769.05
30.557,95.658,2248.1
1.8022,33.974,731.85
16.221,95.997,2118.7
44.399,34.315,1159
76.677,6.3423,923.26
68.126,61.247,1941.7
71.454,55.561,1858.2
45.978,90.645,2294.3
91.927,20.123,1347.7
98.894,78.769,2590.6
93.26,34.772,1651.4
46.152,97.215,2434.9
90.492,83.605,2607.7
38.645,71.181,1847
60.302,21.49,1066.3
56.032,1.5448,627.03
84.584,21.004,1292.2
28.48,53.647,1389.4
66.332,10.846,918.41
60.226,85.376,2336.5
65.646,91.085,2511.5
30.993,33.373,1013.8
33.164,46.914,1294.7
18.82,0.28969,226.43
10.068,31.091,747.97
28.656,48.522,1284.6
35.483,26.217,905.83
53.576,68.311,1929.5
99.083,91.119,2841.7
2.8178,57.05,1195
70.953,26.528,1266.9
90.516,92.847,2794.6
86.583,6.4245,1032.7
11.917,62.63,1394.1
95.528,94.828,2880.5
44.09,51.639,1505.4
87.576,95.67,2821.6
86.495,27.202,1443.8
35.515,52.699,1439.8
63.115,91.119,2474.8
86.455,21.469,1327.3
2.0992,82.679,1709.1
7.682,13.833,380.73
37.671,43.775,1280.6
14.919,87.528,1926.8
3.4097,70.431,1471.9
78.225,49.702,1801.6
32.725,60.96,1582.4
81.748,7.7828,997.07
17.362,24.143,684.58
67.612,2.5784,764.3
87.56,84.648,2600.5
75.716,1.4863,815.07
22.963,55.042,1358.3
35.894,11.967,630.22
36.316,58.795,1573.6
26.744,62.221,1545.5
33.73,74.702,1870
8.6961,30.993,731.77
45.156,91.65,2313.7
45.466,78.227,2039.1
2.9036,10.105,263.17
63.71,28.11,1233
5.9459,90.751,1904.9
16.92,11.109,412.94
68.468,78.982,2284
55.457,10.228,798.23
0.60358,76.794,1565.7
28.809,66.206,1646.9
37.661,77.31,1951.9
14.649,93.198,2040.1
7.4534,17.688,455.25
46.074,2.0422,534.43
37.039,83.364,2066.9
82.456,47.319,1795.6
53.754,10.865,783.27
81.752,8.9054,1025.5
46.038,11.513,719.98
1.4034,16.797,382.2
0.49832,97.251,1982
16.623,28.6,755.66
36.594,59.902,1590
71.821,85.221,2452.1
15.942,24.478,681.36
27.877,72.717,1766.5
64.494,40.079,1479.2
28.72,31.06,936.5
32.193,65.38,1666.7
15.542,39.183,965.02
38.766,11.934,648.98
89.573,97.854,2884.9
88.777,51.825,1959.1
39.361,50.777,1444
67.546,32.502,1358.1
25.221,19.727,681.13
94.999,86.289,2706.6
62.468,26.787,1198.2
20.695,53.868,1321.1
10.966,55.147,1243
56.585,96.326,2526.3
27.433,26.958,849.03
7.1165,26.572,640.1
15.845,30.999,807.77
4.952,55.73,1200.4
68.088,37.819,1472.7
78.176,24.577,1308.2
80.737,67.618,2195.7
26.505,26.129,817.11
89.59,96.149,2852
60.799,49.758,1638.6
1.4401,42.777,897.74
34.403,56.779,1503.2
53.366,61.304,1793
62.776,80.699,2272.8
44.674,88.078,2240.6
81.111,15.998,1161
14.483,8.9177,348.95
97.483,31.313,1633.5
83.376,60.735,2083.1
34.01,37.874,1129
61.624,92.554,2496.3
30.376,5.7013,447.58
8.9219,99.402,2106.1
52.153,66.696,1878.5
82.529,61.715,2090.9
76.393,14.789,1095
94.764,2.8996,1035.9
33.355,57.247,1505.7
38.974,2.9982,483.01
15.041,71.153,1609.5
33.37,21.404,794.06
55.368,25.519,1096.5
55.029,95.859,2498.6
16.042,18.189,551.33
11.709,79.846,1744.7
39.855,4.0043,514.28
83.138,30.916,1479.4
18.5,96.709,2152.7
50.079,26.699,1064.5
12.631,12.188,403.02
86.463,60.738,2106.3
76.665,64.535,2081.4
56.435,87.442,2331
38.957,89.733,2217.9
49.014,5.3178,628.23
88.69,75.951,2439.6
90.505,85.89,2655.7
49.839,48.172,1482.9
52.923,7.5096,709.94
90.97,9.0721,1130.8
57.86,20.022,1013.7
77.579,77.829,2361.6
66.139,40.728,1503.6
46.966,82.704,2151.9
21.977,14.797,546.99
60.259,73.291,2099.3
18.426,14.989,509.57
19.751,83.843,1902.1
86.199,54.537,1981.3
12.565,96.117,2083.5
64.558,7.5495,831.66
43.732,93.383,2336.5
61.261,35.942,1355.1
73.748,6.693,902.54
30.328,96.593,2269.1
4.2968,64.945,1370.9
83.551,42.062,1700.2
36.931,59.644,1588.4
66.134,34.709,1389.4
89.572,21.763,1360.6
27.41,3.7841,381.7
99.79,15.343,1336.3
83.435,37.338,1614.9
79.134,87.682,2579.8
65.661,44.115,1571.1
54.367,63.777,1852
38.668,38.781,1194.1
82.223,83.72,2520.9
59.533,76.632,2162.6
78.164,12.558,1068
98.767,9.2661,1204.6
78.825,66.032,2137.7
85.292,37.767,1635.4
48.561,10.779,723.37
87.376,62.381,2151.5
33.385,62.16,1610.1
20.532,91.163,2063.4
49.436,60.613,1736
3.1209,48.535,1029.5
82.757,57.674,2019.7
26.426,98.21,2267
67.75,51.857,1756.6
79.386,34.87,1516.6
68.184,98.287,2671.2
65.076,99.201,2665.6
23.734,89.616,2061.6
47.74,74.158,1994
93.642,66.474,2293.4
24.11,73.336,1736.8
20.911,43.592,1109.4
27.247,39.963,1091.9
77.582,21.789,1237.5
33.141,88.163,2125
60.307,94.207,2515.1
18.401,94.895,2116.1
8.7459,10.644,333.31
30.892,5.7975,456.36
23.088,16.372,591.43
90.919,52.747,2004.4
93.688,6.9748,1105.1
3.1879,1.0146,95.488
59.365,9.168,816.3
4.3818,60.744,1295
42.49,5.6085,557.23
52.158,65.81,1865
84.034,57.582,2015.4
62.503,7.3835,803.71
25.52,24.157,763.05
90.469,35.12,1634.9
76.73,12.674,1058.2
56.267,73.941,2065.3
89.715,44.568,1809.3
36.808,1.7612,429.56
33.773,68.171,1729.9
61.886,88.083,2413.9
8.6895,13.982,397.13
37.55,81.085,2025.4
18.738,25.286,724.27
81.053,2.4386,883.61
72.325,53.072,1816.2
67.467,93.485,2579.6
91.398,76.933,2482.5
82.096,40.475,1666.4
54.872,71.781,2012.7
1.5542,48.132,1013.3
9.4686,44.118,1000.3
51.476,94.236,2429.7
95.248,57.878,2142.9
84.306,78.361,2435
93.501,71.481,2387.2
97.341,14.217,1284.8
37.253,69.292,1787.1
32.09,39.365,1145
78.325,12.777,1063.8
21.222,64.09,1529.3
95.915,49.751,1982.9
93.023,6.3973,1085.1
36.573,52.354,1441
34.491,31.454,1014.7
69.268,85.489,2429.4
71.66,0.90151,772.2
80.034,20.259,1235.9
59.367,88.06,2382.4
9.7175,21.805,566.8
55.951,31.769,1225.5
4.309,34.396,760.59
75.763,80.008,2390.2
65.965,57.108,1829.4
59.946,81.324,2266.5
22.699,8.618,429.85
71.371,19.214,1132
72.45,62.95,2018.6
34.422,6.3863,497.28
3.2751,74.296,1556
84.362,60.34,2085.3
77.03,79.844,2393.5
50.965,16.059,862.41
70.696,73.793,2208.3
79.117,75.704,2341.4
33.067,88.131,2123.2
91.368,42.924,1806.7
57.67,18.748,981.97
28.791,30.303,925.31
26.686,32.076,935.91
89.018,44.201,1801.9
36.61,36.188,1118.9
15.002,62.56,1443.3
94.633,93.883,2858.3
65.084,28.69,1257.5
98.221,24.46,1504.2
19.383,92.085,2077.5
82.874,92.622,2713.5
49.38,30.994,1147
59.078,7.6475,770.66
4.4891,78.088,1636.6
56.446,13.075,850.76
63.354,46.148,1589.2
49.81,44.017,1405.1
5.9624,60.5,1306.5
51.516,12.702,804.1
5.3195,59.904,1281
84.363,13.213,1136.1
59.467,11.534,848.47
69.102,44.107,1607.4
64.723,27.11,1223.7
62.344,94.411,2541.2
95.386,51.664,2027.7
17.694,44.529,1100.5
47.491,30.859,1125.1
84.24,46.96,1811.7
49.696,77.944,2089.7
76.24,16.881,1126.3
17.988,2.2451,254.3
69.162,70.873,2134.1
91.442,60.515,2148.6
16.266,41.368,1010.8
42.81,91.477,2295.6
4.1852,47.718,1016.1
22.575,91.622,2100
66.615,49.691,1693.8
87.134,92.755,2745.9
34.473,70.365,1781.6
2.7252,69.464,1451
90.528,0.45936,941.03
47.106,54.022,1585.5
91.046,41.297,1761.2
32.798,62.813,1614.7
69.11,54.354,1815.8
1.7448,21.6,481.32
51.235,55.21,1652.8
33.181,86.275,2087.6
33.611,0.49393,372.59
95.335,12.508,1236.1
75.051,77.507,2330.9
33.392,2.0386,415.35
63.283,14.263,944
41.555,32.041,1086.9
57.65,90.475,2408.7
95.95,61.416,2225.9
61.585,1.5898,680.95
15.058,31.139,810.45
83.827,19.277,1252.5
72.617,27.547,1309.4
10.885,2.671,198.77
16.135,83.064,1851.2
29.701,76.428,1858.4
42.358,72.116,1888.9
52.841,82.272,2202.4
27.51,76.454,1833.6
82.796,12.057,1095.6
79.278,38.433,1583.6
27.375,2.7923,361.03
61.569,0.13045,649.5
10.155,0.6998,148.66
66.996,16.778,1040.4
34.74,15.044,673.9
66.95,51.549,1731.8
29.53,41.888,1163.8
68.043,59.381,1904
39.377,27.698,982.36
39.182,59.283,1603.6
20.696,58.514,1398.2
72.452,12.159,993.64
81.931,7.8594,1011.4
92.647,3.2066,1020.6
51.412,16.817,879.44
19.314,52.417,1268
60.29,84.137,2312.5
19.818,30.641,843.32
41.039,19.116,826.5
85.307,6.5119,1015.8
42.908,94.601,2352
92.566,24.477,1451
37.308,62.54,1653
69.825,20.667,1141.5
58.863,24.174,1097.2
10.087,74.341,1618.7
41.24,15.6,753.67
92.471,82.317,2596
5.555,9.3985,276.3
38.405,97.98,2375
24.064,65.322,1587.4
22.781,28.411,828.62
35.712,86.723,2124.2
92.41,3.014,1013.5
50.25,76.094,2048.9
80.324,89.618,2619.7
35.027,61.887,1619.7
45.868,72.075,1937.8
95.11,46.385,1910.7
13.298,75.889,1685.5
7.0307,0.7142,112.14
70.608,19.349,1124.6
93.17,9.1452,1143.3
10.89,16.793,470.81
65.17,94.225,2569.9
14.606,84.943,1873.5
69.396,13.728,982.44
62.561,66.073,1986.7
4.3723,3.849,149.21
79.792,14.816,1126.2
98.621,18.476,1383.5
43.674,64.536,1758.3
34.475,85.655,2086.5
4.8806,85.338,1785.3
22.52,49.404,1241.1
58.101,78.088,2167.2
60.138,27.465,1178.4
25.252,96.738,2218.7
65.434,99.053,2664.4
6.0096,8.4449,266.98
94.051,32.979,1645.6
9.2531,26.83,655.35
33.398,21.592,791.46
65.105,76.702,2209.8
50.391,36.505,1259.1
53.093,15.402,868.4
37.912,16.502,740.89
76.891,89.336,2586.4
28.251,94.579,2197.6
64.927,51.747,1721.8
92.218,1.8373,993.72
33.067,41.931,1194.4
81.344,12.209,1086.4
78.764,95.185,2718.9
12.432,27.018,694.38
15.739,89.365,1971.5
41.5,89.519,2231.8
68.733,77.553,2269.3
65.77,90.882,2503.8
67.998,1.668,743.33
0.93867,95.929,1956.2
12.861,7.5253,308.39
76.391,28.513,1365.2
84.192,48.812,1844.9
74.695,97.057,2725
94.452,56.811,2113.8
91.971,27.397,1483.9
22.307,12.908,507.93
50.977,15.519,853.37
78.774,26.881,1360
52.245,43.389,1413.1
61.739,39.59,1448
55.824,42.525,1438.5
73.099,61.439,1982.3
6.3402,44.681,984.89
49.279,1.2023,543.59
22.992,3.4271,336.32
33.739,39.877,1154
55.164,97.945,2536.5
74.369,54.277,1861.2
41.231,91.239,2270.8
50.762,32.416,1177.8
12.897,29.052,746.85
21.484,87.897,1995.7
29.283,77.914,1876.7
44.997,39.441,1267.1
24.028,88.233,2039.1
26.326,42.567,1147.4
89.158,46.638,1854.4
58.614,42.493,1470.4
93.867,45.521,1876.4
61.808,69.542,2046.8
25.072,9.5578,472.34
10.254,73.346,1590.3
54.636,13.002,831.88
44.265,49.653,1460.8
69.151,25.966,1235.2
75.944,59.167,1976.1
39.942,22.762,878.62
56.741,95.512,2507.6
20.558,6.301,361
94.353,18.325,1336.2
51.281,62.424,1791.8
27.625,29.141,885.54
22.914,13.719,542.75
95.293,18.893,1353.2
68.942,95.662,2634
70.787,29.661,1328.6
65.692,23.72,1160.3
77.897,66.016,2120.6
58.047,0.4296,623.27
50.323,7.8168,690.65
87.873,30.958,1533.4
39.295,22.397,874
24.264,69.529,1659.2
28.163,70.023,1706
90.477,85.182,2635.8
70.268,55.906,1853.4
85.306,57.033,2018.2
37.868,53.092,1469.3
63.302,85.889,2369.9
3.1557,44.635,949.33
92.003,38.338,1719.2
46.975,59.536,1694.5
51.99,30.504,1166.9
76.631,10.111,1000.6
33.622,37.194,1111.9
62.599,22.216,1095.4
32.69,64.323,1633.5
31.111,77.666,1899.4
64.608,43.003,1538.8
43.369,62.106,1708
10.289,27.907,694.31
23.615,47.805,1220.1
97.178,31.474,1636.9
69.89,82.717,2388
65.945,74.316,2174.3
32.61,14.431,641.64
1.9822,6.8265,186.1
57.047,53.214,1668.1
3.6335,74.396,1560
26.474,83.573,1971.2
19.066,72.066,1652.5
44.93,88.762,2256
76.866,16.285,1109
62.794,20.124,1052.4
31.47,88.196,2104.4
29.204,46.196,1246.2
7.8238,18.705,482.05
17.194,72.488,1651.1
72.128,88.355,2523.6
8.9449,79.801,1716.1
91.781,84.297,2638.2
42.968,53.805,1535.4
7.9723,20.959,524.33
57.214,53.045,1657.1
83.177,84.33,2554.4
34.737,21.534,805.97
77.989,71.673,2245.8
70.834,86.267,2463.6
59.094,47.126,1560.9
37.699,46.05,1330.3
39.383,94.253,2304.7
42.831,62.834,1719.6
42.303,80.639,2072.2
21.892,40.154,1061.1
49.676,32.139,1172.9
3.987,37.881,832.16
56.482,71.897,2036.7
4.9143,19.306,460.23
87.228,48.999,1881.7
86.002,12.077,1133.7
33.826,13.992,642.38
97.403,94.72,2897.3
95.478,63.094,2239.6
98.862,43.866,1894.6
15.772,70.776,1604.4
0.29184,52.965,1093.9
24.818,65.243,1586.5
34.629,77.818,1937.6
23.334,61.802,1498.3
75.589,50.209,1794.9
22.593,48.537,1231.8
44.844,11.015,697.96
25.944,91.655,2123.1
34.579,43.262,1245.6
90.295,42.7,1786.6
1.2701,2.9286,97.639
13.222,51.043,1180.5
38.806,96.37,2342.3
84.062,27.535,1415.9
21.327,74.341,1736.3
93.523,11.68,1188.4
96.98,76.933,2538
37.526,76.572,1937.3
98.486,54.077,2097.4
12.209,16.932,489.65
76.096,93.012,2643.6
57.936,20.821,1023.1
62.116,1.9761,685.54
48.99,60.161,1726.6
22.045,60.737,1463.2
14.413,46.885,1114.2
63.518,59.631,1857.5
80.242,72.346,2276.5
66.964,40.811,1512.2
47.16,59.761,1689.9
94.448,42.571,1821.9
59.148,12.184,862.11
22.675,34.995,956.1
68.384,54.675,1809.4
32.064,12.71,605.99
74.892,8.1497,946.2
99.814,28.946,1607.3
26.973,67.682,1658.5
93.187,45.704,1875
69.639,49.922,1723.4
9.5259,5.8478,246.29
24.587,7.3606,424.7
93.466,33.788,1641.1
47.978,33.607,1179.7
88.253,98.496,2881.7
77.93,75.166,2308.2
1.8284,64.653,1340.4
77.076,88.287,2567.5
68.58,51.189,1747.6
86.767,37.62,1647.9
58.051,88.376,2375.9
62.61,24.576,1148.8
11.115,16.4,469.89
21.369,65.86,1561
3.637,25.562,578.14
44.454,15.76,779.5
32.658,27.661,916.36
28.729,29.871,917.8
49.645,0.59043,536.16
18.171,22.865,665.74
93.379,67.012,2300.6
94.018,98.167,2925.1
59.146,25.615,1132.5
0.080862,61.917,1275.1
90.301,97.183,2868.8
68.289,49.217,1688.5
7.3851,30.103,705.78
99.638,59.71,2213.8
31.446,54.338,1429.8
80.922,12.977,1095
46.145,55.222,1598
58.714,14.906,913.11
47.76,25.855,1025.3
55.245,52.871,1642
17.532,81.338,1834.1
58.724,71.853,2056.7
15.48,50.082,1185
44.545,89.398,2251.1
53.762,95.072,2470.3
46.19,46.236,1412
83.411,28.76,1442
99.617,92.637,2872.3
97.224,49.633,2000
74.593,87.733,2526.1
19.996,21.324,653.15
3.6329,11.44,297.12
18.86,12.432,478.96
57.755,57.41,1751
62.827,46.637,1600
36.477,37.404,1145.3
63.656,75.462,2171.3
89.129,45.56,1836.3
25.352,70.603,1696.7
28.636,92.951,2173
12.542,82.047,1794.2
52.857,3.9848,628.01
82.077,96.619,2782.3
29.978,88.797,2108.4
78.768,63.877,2096.5
43.701,1.0954,487.26
55.054,97.726,2540.4
98.611,38.553,1785.2
68.978,39.966,1522.2
97.014,51.029,2014.9
9.5966,55.163,1228.3
89.809,95.889,2847.3
5.8443,85.54,1802.9
12.332,47.671,1106.9
63.073,87.782,2418.1
37.01,38.988,1186.1
31.957,4.9163,454.12
79.569,30.743,1437.7
30.17,32.021,973.3
60.746,46.13,1567.8
46.197,48.813,1469.1
29.259,70.674,1736.2
83.242,36.73,1604.1
57.053,94.144,2487.9
7.0508,26.819,633.6
26.631,74.54,1787.1
17.087,90.907,2013.4
56.031,58.455,1758.2
20.209,90.65,2049.6
49.237,5.6683,629.29
72.937,55.674,1877.9
95.5,0.29614,989
76.237,15.316,1095.2
8.0068,40.749,921.38
93.825,23.345,1424.5
97.447,53.531,2074.6
60.711,31.161,1254.6
95.749,70.863,2396.4
33.065,58.706,1534.7
90.122,23.919,1406.7
0.036562,6.4059,156.49
48.328,0.33692,520.64
14.747,18.907,556.44
31.499,49.12,1325.6
17.138,61.647,1432.9
59.291,12.278,866.47
65.761,13.303,952.39
34.896,31.418,1002.6
5.3693,8.7855,252.87
4.7168,40.879,889.13
5.5858,28.232,653.14
7.1512,63.059,1362.7
1.5676,21.976,489.69
97.368,65.425,2318.1
73.48,19.347,1147.9
75.239,9.46,966.3
3.3314,91.836,1890.7
11.761,55.824,1263
26.13,41.764,1130
89.336,11.045,1151.7
97.206,55.274,2107.9
99.407,11.128,1244.3
34.679,23.602,849.93
29.23,13.865,595.5
18.725,32.824,874.18
74.315,34.644,1465.6
71.802,92.876,2599.3
18.889,88.832,1993.8
43.394,79.004,2046.3
4.5593,7.447,231.66
65.547,41.98,1527.8
78.104,39.672,1614.2
86.29,41.293,1715.3
78.535,97.395,2764.2
43.349,23.79,938.45
34.782,10.858,595.71
5.5389,80.003,1680.1
81.944,4.4813,938.55
10.604,95.996,2054.4
0.6074,80.164,1637.5
27.504,96.06,2224.4
94.277,76.575,2503
67.426,60.823,1920.8
38.566,98.904,2400.2
85.695,56.256,2010.2
67.482,49.589,1696.6
60.81,25.304,1135.9
43.943,19.596,862.28
96.129,49.273,1977.2
82.291,71.088,2271.4
1.0499,98.762,2017.6
14.162,33.462,839.42
48.281,22.017,951.78
58.062,34.528,1295.5
29.299,9.1606,510.59
43.887,63.16,1727.5
39.827,37.819,1185.2
13.731,88.736,1942.6
95.276,42.653,1839.4
36.004,89.077,2175.3
83.698,22.423,1308.7
4.1336,79.693,1671.6
42.383,85.828,2173.3
7.5638,42.71,955.08
31.381,58.886,1516.6
94.598,9.1699,1157.3
85.45,25.058,1383
17.353,59.377,1395.9
53.588,52.058,1612.1
29.489,91.405,2154.1
90.287,66.329,2264.6
8.1387,49.965,1111.2
78.747,63.48,2093.7
17.441,8.636,383.22
71.999,4.0807,825.26
23.201,75.156,1769.3
20.714,32.376,886.49
21.613,6.6491,378.01
97.667,92.326,2857.4
38.185,5.4361,518.32
63.529,6.7943,798.34
4.6564,57.353,1226.5
23.207,43.92,1139.9
87.484,2.7369,960.06
46.014,4.9699,595.28
0.30636,23.855,507.69
46.494,12.73,750.75
82.407,63.033,2118.6
87.189,47.641,1848.9
30.107,11,551.58
23.601,43.543,1136
83.158,90.188,2667.6
43.775,56.583,1600.7
50.709,73.064,1998.5
18.547,98.096,2173.3
15.15,58.821,1362.5
90.681,50.316,1950.6
99.275,53.159,2088.4
39.008,60.629,1636.9
82.681,76.432,2385.7
95.406,60.062,2183.3
89.384,72.259,2369.9
84.101,43.521,1733.7
68.328,64.652,2014.6
17.18,17.67,559.84
23.755,87.648,2011.3
43.429,25.169,961.1
2.5062,35.648,770.91
26.865,30.335,904.53
98.016,96.776,2945.5
31.269,19.229,719.26
57.175,9.7864,798.11
61.166,69.379,2030.1
90.154,9.6024,1126.8
39.604,19.939,817.45
69.277,60.705,1942
20.449,70.971,1648.6
6.2853,89.053,1874.2
62.239,60.264,1865.2
68.802,86.245,2449.6
29.679,67.596,1680.6
57.156,78.5,2176.9
31.622,53.665,1413.8
80.95,0.44474,852.51
36.55,19.861,797.29
69.879,43.872,1601.1
63.343,55.829,1780.7
96.458,38.513,1779.1
20.08,64.686,1529.3
59.818,58.567,1805.8
8.3703,76.633,1649.4
54.441,17.463,917.89
84.615,50.311,1872.9
4.0698,38.267,835.65
32.936,97.72,2308.7
70.935,93.608,2604.3
86.031,89.274,2675.1
50.09,44.353,1420.1
99.476,75.153,2539.1
42.864,90.94,2275.1
26.735,37.332,1044.4
47.295,11.629,748.57
16.085,52.512,1235.9
15.89,34.113,872.41
26.834,84.94,1995.8
75.712,18.623,1166.2
60.917,20.874,1057.2
96.693,53.043,2064.2
77.332,8.4285,973.95
57.286,24.077,1088.2
45.022,63.455,1741
28.706,11.108,535.54
75.239,60.734,1990.5
9.4358,88.976,1896.3
10.679,49.069,1122.7
73.489,31.351,1397.1
35.459,76.214,1908.2
58.063,95.453,2514.7
29.886,64.588,1625.8
71.368,48.532,1723.4
36.049,43.818,1270.4
71.846,18.638,1117.1
99.532,44.313,1909.3
8.37,48.812,1093.5
46.821,86.113,2220.8
9.3803,71.646,1561.8
72.517,62.033,1990.9
91.205,8.9774,1129.3
8.6414,11.176,338.5
51.995,57.559,1697.6
55.263,46.166,1500.1
68.515,54.545,1810.3
29.965,3.8012,404
60.188,57.929,1789.1
19.85,62.898,1484.6
65.676,48.193,1645.4
69.836,16.053,1045.9
45.968,75.438,1997.8
15.766,79.35,1785.5
42.179,29.137,1032.6
59.605,50.761,1645.3
32.233,23.799,823.61
83.073,19.268,1250.5
12.269,80.87,1774.6
25.118,6.6673,418.1
93.761,19.586,1361.2
65.521,97.478,2625.6
75.291,57.509,1932.4
81.086,58.321,2010.3
4.8427,95.002,1969.4
41.471,10.004,642.69
72.549,87.873,2518.9
13.904,89.145,1952.1
63.256,21.404,1097.4
24.683,16.695,609.05
83.997,64.613,2168.4
83.667,18.034,1228.2
45.307,11.655,719.56
39.476,36.533,1148.2
96.16,40.238,1788.9
0.81783,8.981,220.24
39.844,68.377,1794.2
48.777,54.689,1602.4
61.814,98.596,2617.8
7.001,21.275,523.73
14.269,91.899,2006.4
65.423,66.516,2008.3
21.832,74.348,1736.4
11.913,37.846,907.72
4.3137,47.477,1018.7
16.556,10.626,414.7
51.111,88.378,2306.2
86.727,44.51,1777.6
76.626,66.823,2132.8
13.495,72.822,1625.5
6.4921,28.564,656.72
67.244,59.369,1899.2
48.221,37.053,1251.8
49.542,79.564,2112.6
31.348,7.3534,491.97
32.35,99.274,2336.3
90.91,77.603,2495.9
45.034,0.73705,501.72
74.864,88.895,2558.7
18.525,86.412,1943.5
8.4922,69.759,1501.6
20.703,88.499,2003.2
55.892,46.564,1520.3
66.17,37.156,1424.8
93.921,8.3022,1130
4.0245,99.722,2065.4
16.366,86.983,1927.2
43.812,0.0070261,464.41
32.567,67.998,1717.1
8.9932,65.488,1430.6
81.032,41.181,1664.5
39.956,47.637,1394.5
65.531,38.827,1465.2
56.684,45.206,1497.6
0.31219,2.676,86.884
65.135,42.529,1537.7
31.71,10.581,567.75
26.593,4.3111,385.58
46.045,55.612,1598.8
62.316,61.129,1879.2
80.185,73.883,2312.4
56.116,25.692,1107.6
2.4804,72.626,1507.1
79.354,71.325,2249
27.309,50.376,1311.1
82.291,89.277,2635.5
68.855,77.939,2280.3
60.39,49.486,1623.4
38.695,76.151,1946.6
6.5535,66.704,1433.4
99.859,97.811,2985.9
66.104,11.707,931.84
22.917,86.932,2002.2
9.2255,56.786,1259.7
24.098,12.015,506.73
90.257,97.033,2879.9
21.735,83.997,1926.6
47.952,6.2317,632.4
90.923,27.807,1495.5
19.378,40.963,1048.4
44.799,62.681,1732.2
61.78,91.91,2480.3
59.421,41.515,1453.1
66.588,71.15,2114.8
26.768,97.087,2238.1
42.387,43.547,1318.6
79.932,63.538,2101.9
93.231,90.156,2763.7
46.972,87.158,2238.5
30.63,14.272,618.83
43.937,20.06,876.92
30.686,62.093,1572.7
27.501,77.503,1857.5
13.875,24.681,663.21
16.655,36.945,929.48
49.395,34.11,1206.3
8.6584,45.639,1024.7
92.684,17.082,1302.7
14.848,74.561,1672.4
16.048,9.7978,385.85
71.772,89.027,2523.3
67.489,8.2094,866.48
35.852,78.152,1949.1
9.0458,84.868,1819.5
0.8248,45.088,946.23
37.278,60.533,1617.2
78.831,35.447,1525
44.729,75.91,1986.1
9.9625,58.944,1304.8
80.583,61.157,2060.7
65.945,84.317,2370.5
45.236,45.699,1396.3
53.336,88.279,2336.3
52.666,49.357,1551.9
62.968,62.285,1906.3
64.656,56.217,1809.7
19.183,72.166,1668
80.173,54.677,1928.8
19.657,78.444,1798.2
41.129,44.635,1331.5
23.569,91.191,2090.5
27.221,8.6587,477.97
0.86685,99.894,2042.5
92.828,72.758,2400.6
52.022,55.841,1662.8
46.413,14.282,786.71
52.353,83.764,2232.1
33.681,72.525,1818.4
33.238,41.738,1199.8
98.829,27.317,1570.5
47.372,31.471,1128.4
74.686,58.17,1942.3
66.996,68.936,2069.3
79.559,86.387,2554
27.254,21.086,724.74
28.392,50.675,1333.7
71.726,42.505,1593.7
18.464,23.97,696.76
83.37,75.752,2383.5
16.967,79.191,1780
95.327,38.588,1756.6
72.255,31.805,1388.9
13.425,48.093,1125.2
85.309,27.851,1437.6
93.169,15.804,1274.5
56.418,39.541,1379.2
39.882,28.546,997.42
44.16,24.305,953.05
70.168,64.252,2016.5
26.004,95.692,2211.7
2.8529,18.634,429.72
94.797,90.952,2801.9
99.617,56.874,2166.1
77.948,19.352,1203.3
98.94,70.424,2427.8
48.755,65.158,1820.2
12.798,33.19,821.02
46.437,52.157,1531.4
74.259,2.4763,832.28
67.339,2.2273,740.8
87.398,79.852,2500.4
75.825,10.781,1002
61.718,68.881,2025.2
27.482,77.503,1847.7
33.638,79.149,1953.3
83.572,70.947,2284.4
38.589,94.654,2307.8
8.0347,29.802,713.49
86.558,99.582,2890.6
43.537,55.445,1582.9
17.208,65.609,1520.8
0.42964,94.535,1922.3
65.25,22.464,1130.5
36.969,98.152,2369
37.61,17.062,745.26
44.134,94.106,2353.1
51.612,95.696,2457.8
30.011,17.501,682.23
47.832,5.431,622.32
0.62469,26.821,569.62
17.144,54.601,1290.9
30.356,77.519,1888.7
74.446,60.376,1990.5
58.089,31.61,1247.8
70.121,43.335,1591
80.466,84.278,2519.9
85.199,62.613,2135.8
11.772,27.255,693.18
65.726,51.453,1713.7
75.295,88.84,2551
70.213,17.43,1086.8
60.512,82.007,2280.6
3.8267,18.119,434.27
19.515,9.7264,417.79
33.068,3.1315,416.74
64.283,1.0176,696.1
21.74,96.745,2178
7.691,88.804,1881.8
98.059,4.9685,1116.2
20.676,67.021,1582
98.325,97.662,2964.9
61.037,22.027,1082.7
24.798,8.4059,442.78
51.796,35.886,1261.8
71.283,73.318,2208.2
25.987,60.214,1487.7
11.469,45.137,1056.9
54.967,91.28,2407.8
21.89,0.31773,251.44
31.218,51.008,1362.3
97.313,14.446,1296.9
30.919,50.465,1347.6
94.625,56.821,2111.5
41.056,64.217,1728.8
1.0334,20.693,461.58
31.007,34.019,1024.8
15.521,32.747,840.83
99.408,61.496,2256.7
45.024,59.119,1662.7
54.522,68.792,1948.8
26.233,16.644,621.92
88.254,65.223,2213.1
10.306,76.864,1666.1
82.356,39.577,1645.1
42.718,39.626,1241.8
92.034,69.212,2333.9
52.801,23.767,1025.8
87.083,94.888,2797.3
35.281,13.575,649.71
40.015,51.152,1453.9
59.792,4.1431,715.65
91.152,31.241,1557.9
13.299,32.177,802.78
4.2167,94.832,1965.1
40.104,20.734,843.42
59.571,48.934,1603.4
91.968,44.468,1834.4
29.378,82.085,1964.2
54.504,1.748,614.97
78.168,78.852,2389.4
32.74,54.079,1436.5
9.5263,4.5476,217.74
44.168,51.385,1502.1
2.9077,44.562,941.44
67.539,49.136,1687.2
11.159,65.989,1471.3
19.964,50.537,1240.7
53.016,74.186,2044.8
62.736,94.385,2552.9
37.36,79.933,1996.2
60.645,43.773,1516.2
84.639,9.0313,1055.5
70.195,93.357,2600.3
39.287,37.838,1182.6
57.187,75.892,2118.7
24.977,80.379,1884.2
72.735,80.424,2369
34.333,59.579,1564.3
7.8635,32.499,759.15
30.223,74.835,1831.9
30.04,47.647,1287.9
2.3221,51.559,1083.2
17.611,48.009,1161.4
86.092,42.402,1741.1
65.595,17.602,1044.5
85.654,28.056,1444.6
27.094,87.767,2058.8
89.595,87.386,2680.7
20.879,48.959,1217.6
96.417,60.628,2208.4
41.436,71.769,1879.2
22.957,14.002,534.99
81.837,58.305,2010.5
36.044,19.5,774.29
50.152,6.3338,657.36
74.767,6.3902,914.49
83.185,93.987,2742.8
39.447,52.018,1473
9.6636,15.012,422.38
26.539,64.659,1586.1
79.195,58.378,1998.2
93.686,31.233,1584.7
56.826,67.214,1936
93.802,39.706,1772.1
59.725,21.952,1071.2
98.795,24.082,1500.8
76.235,38.638,1565.4
18.562,3.3501,288.2
51.677,34.672,1243.5
64.015,55.204,1778
86.895,55.844,2023
60.012,6.6815,770.18
99.967,58.194,2194.7
12.918,47.586,1104.1
29.337,66.194,1654.1
47.688,78.61,2074.1
12.958,19.003,527.17
22.812,96.151,2183
18.107,53.506,1281.9
67.202,91.452,2528.1
32.578,64.566,1647.9
79.059,15.347,1134.5
54.601,5.2182,682.1
23.056,1.5051,289.22
68.676,19.636,1110
4.9083,52.771,1126.2
57.26,14.767,890.5
99.376,7.3134,1164.7
36.297,55.484,1496.9
55.872,98.128,2562.3
92.728,16.286,1285.9
25.988,15.66,608.01
83.248,16.367,1188.4
17.513,7.849,358.45
87.984,71.84,2350.6
27.963,44.627,1204.2
84.948,51.012,1897.6
80.672,60.514,2038
18.913,88.307,1995.7
97.856,12.192,1262.5
25.373,29.026,858.89
77.855,6.2342,939.47
81.078,14.353,1126.4
49.795,6.7965,660.79
91.572,18.509,1310.7
10.098,76.868,1666.1
13.582,89.768,1962
85.832,51.827,1917.7
1.8646,84.463,1738.5
72.833,22.876,1208.2
81.666,42.837,1702.5
11.622,36.829,878.02
48.856,69.605,1916.9
34.745,94.438,2262.7
77.389,21.789,1238.5
28.529,75.3,1823.4
82.44,51.984,1893
17.306,76.007,1720.3
86.364,88.087,2646.6
92.605,23.748,1429
19.11,93.969,2106.2
5.0352,2.7152,136.75
54.845,56.151,1695.7
0.95179,89.045,1825.2
82.836,16.699,1191.7
90.854,42.524,1792.7
70.53,32.69,1389.8
24.333,56.759,1396.9
58.923,82.699,2267.9
93.89,39.168,1760.2
89.55,62.135,2167.3
60.623,96.515,2563.5
79.238,82.847,2480.7
83.617,81.34,2495.8
56.014,95.509,2496.7
0.06951,18.312,398.46
25.128,67.043,1615.8
43.195,73.56,1929.7
43.065,81.955,2096.6
87.523,68.102,2268.2
6.7641,33.006,767.34
33.991,3.4692,442.27
17.706,12.019,442.88
24.604,28.371,835.07
72.782,83.824,2430.4
28.82,90.135,2128.4
23.734,44.995,1169.8
13.966,98.854,2141.3
22.073,3.3789,324.97
81.755,85.945,2562.2
37.823,52.856,1465.2
66.552,97.546,2642.9
93.581,87.722,2720.2
42.648,16.134,775.72
60.516,35.338,1338.2
96.958,5.8007,1111.9
36.465,44.412,1293.1
66.445,44.109,1566.6
31.476,32.67,1003.3
88.572,91.44,2742.2
29.554,49.456,1317.4
29.537,71.024,1751
90.708,66.464,2259
49.288,83.178,2190.2
20.714,25.804,751.94
2.5819,76.924,1589.1
17.021,41.057,1021.2
30.234,5.5657,443.19
96.144,87.065,2734.3
78.366,97.23,2760.3
67.326,11.698,935.68
84.072,50.831,1891.1
42.085,75.557,1963.5
70.374,10.999,960.08
48.129,3.3864,586.13
82.058,44.11,1730.3
43.739,12.978,725.57
85.997,97.16,2838.5
0.88972,94.015,1929.3
99.603,93.312,2898.8
27.52,98.376,2272.7
3.3516,69.304,1450.6
15.21,70.248,1595.1
47.96,37.131,1246.6
88.884,6.4106,1045.8
28.342,44.345,1196.4
78.413,54.299,1907.1
17.039,54.016,1274.5
73.129,78.628,2331.3
24.662,60.141,1479.7
8.1841,94.701,2007.5
85.291,63.122,2143.4
68.655,87.884,2469.1
95.811,12.269,1231.8
98.506,81.355,2640.5
53.472,97.76,2514
90.598,23.124,1391.8
47.665,91.274,2333.1
88.967,67.637,2275.9
2.385,72.507,1506.7
12.872,68.579,1530.3
74.064,79.672,2360.9
39.102,52.963,1472
39.363,75.464,1927.9
60.185,50.355,1635.9
2.3885,90.704,1866.5
38.767,12.361,666.11
5.6746,85.223,1792.3
68.957,17.505,1073.8
52.039,76.417,2080.4
7.6086,45.933,1017.7
40.626,60.606,1652.3
43.021,36.404,1182.9
65.931,40.195,1490.8
21.839,73.007,1704.8
8.1089,95.513,2024.4
46.767,87.88,2246.4
72.867,60.973,1981
61.398,96.777,2575.7
90.06,63.414,2194.4
25.278,77.726,1830.5
22.01,89.85,2042.8
23.58,22.657,712.57
81.013,10.127,1037.9
70.241,82.826,2394.6
87.85,42.447,1756.3
71.101,72.71,2189.7
66.108,93.675,2570.3
43.958,29.653,1065.4
56.279,31.22,1218.9
99.031,54.97,2116.7
95.732,55.258,2095.6
33.682,64.04,1644.2
15.546,59.665,1374.6
41.708,16.117,766.17
55.448,41.791,1417.8
2.9752,36.906,800.28
86.671,8.0265,1061.5
89.441,23.631,1386.8
49.719,99.434,2513.4
20.929,90.93,2050.5
72.16,79.079,2339
69.972,13.515,1007.8
46.075,55.034,1588
17.059,5.3838,312.43
79.437,67.655,2180.1
88.85,82.228,2564.8
14.251,91.14,1999.8
93.967,14.721,1267.7
0.026086,30.486,641.02
43.881,77.987,2024.7
1.1168,48.723,1023.1
23.452,54.917,1357.7
70.698,87.822,2492.9
69.416,98.829,2698.9
26.512,1.9152,338.38
32.657,35.132,1065.1
9.3234,53.465,1199
4.1599,74.782,1574.2
75.928,97.001,2722.2
32.487,69.514,1747
52.182,27.327,1098.4
95.189,95.114,2881
66.898,90.767,2515.2
47.312,45.742,1416.4
64.937,73.317,2139.5
66.564,55.824,1808.1
23.015,99.389,2243.1
80.489,38.93,1609
50.279,88.168,2295.5
43.403,89.327,2251.6
70.903,38.6,1506.1
55.526,72.755,2032.6
25.5,91.265,2105
7.5201,90.413,1916.5
58.91,8.1452,786.31
67.424,3.3342,763.8
58.801,57.241,1764.6
53.37,0.92902,580
47.262,19.833,894.59
32.381,2.068,396.57
43.099,79.227,2038.6
76.49,19.083,1169.6
99.646,95.208,2928.7
26.502,77.023,1823.8
79.207,81.657,2451.1
13.461,42.605,1010
3.5536,30.022,657.02
45.395,68.029,1840.1
56.298,85.852,2310.2
23.088,87.179,2002.9
14.476,89.706,1979.8
67.71,84.359,2393.4
35.407,48.515,1349.9
51.047,48.854,1521.1
69.471,6.5334,858.43
59.529,45.698,1534.5
50.611,59.556,1726.6
77.64,11.008,1020.6
68.52,34.378,1400.9
31.949,26.407,875.97
83.214,58.018,2033
66.082,43.539,1565
58.707,41.51,1441.3
1.9078,5.4213,150.24
83.695,25.97,1382.7
11.4,24.418,634.03
84.042,70.91,2297.9
33.75,65.885,1682.1
42.944,11.918,696.9
79.378,12.922,1074.2
14.157,7.7969,333.51
60.81,73.524,2111.5
93.063,55.615,2077.3
63.644,83.437,2338.8
4.7771,10.612,279.56
69.835,25.656,1247.1
25.711,5.4124,395.01
69.09,65.655,2030.9
36.318,27.744,945.73
54.188,70.913,1995.6
22.214,13.03,522.24
90.549,52.4,1988.5
37.354,4.589,504.37
7.8816,10.131,308.7
3.093,46.894,991.15
62.69,71.065,2076.2
93.7,60.135,2164.3
31.994,20.492,754.21
74.517,61.879,2010.8
28.893,69.915,1709.7
12.435,31.483,779.47
51.408,80.479,2153.1
38.751,17.802,774.1
97.861,24.131,1487.2
29.182,59.473,1509.9
59.234,86.823,2358.6
57.136,81.867,2236.9
61.586,59.008,1829.5
56.091,0.22878,590.94
27.986,94.453,2201.2
15.185,79.248,1774.3
73.301,39.933,1570
3.9699,87.345,1814
80.162,67.44,2182.9
40.642,24.237,916.25
83.001,16.844,1199.2
97.104,86.112,2714.9
42.248,32.664,1097.1
5.3905,32.515,729.6
78.704,40.017,1608.2
63.008,76.351,2189.6
50.882,16.407,867.31
56.769,68.829,1979.2
30.919,64.332,1627.4
74.714,82.135,2423.1
33.666,37.855,1118.8
88.335,11.19,1141.5
33.366,85.948,2082.5
79.601,71.318,2249.1
80.478,57.501,1990.5
5.0239,74.114,1566.2
40.251,75.367,1938.9
96.519,55.509,2106.8
41.438,80.091,2044.3
33.052,67.035,1697
63.637,53.511,1737.6
85.803,68.593,2258.5
78.828,95.518,2726.7
53.841,62.775,1825.7
74.167,81.913,2407.5
73.972,18.897,1146
44.479,75.148,1986.1
85.041,22.158,1312.2
49.453,41.645,1353.6
94.816,79.087,2553.6
79.779,39.996,1637.9
13.304,4.5109,251.98
23.777,20.105,678.05
12.772,4.2863,244.34
53.412,63.916,1842.8
5.6697,25.176,584.33
46.857,41.988,1333
98.269,17.184,1356
68.222,88.446,2478
87.09,34.101,1593.3
49.621,20.512,930.74
28.766,79.539,1915.4
18.302,2.447,264.08
96.122,3.978,1069.1
75.626,52.982,1840.7
95.035,93.337,2843.3
67.127,60.221,1902.3
18.605,60.118,1411.7
28.984,64.387,1615.2
5.8208,92.193,1928
4.4066,21.926,506.49
27.956,88.49,2079.5
17.047,4.8822,298.21
67.71,81.204,2324.3
90.242,3.2592,995.23
35.199,41.504,1213.3
10.016,59.467,1325.9
79.3,19.68,1214.8
46.843,79.609,2095.2
68.734,21.099,1131.2
68.308,17.441,1059.9
42.144,61.384,1680
65.934,94.106,2559.4
63.343,66.156,1987.7
52.515,21.49,981.82
19.128,91.359,2042.9
51.191,38.02,1308.2
74.833,3.4982,849.77
41.983,22.735,900.75
73.748,90.689,2579.4
68.647,86.899,2447.2
95.573,58.247,2145.4
30.791,56.079,1466.3
34.23,0.10886,384.51
38.703,12.686,674.55
2.6176,21.464,481.77
63.355,82.682,2318.9
56.525,38.761,1367.8
36.551,31.808,1028.1
42.146,26.178,979.96
46.22,29.652,1095.2
31.444,42.818,1202.2
22.566,19.241,645.39
11.594,56.748,1277.4
13.397,65.767,1478
94.652,68.558,2346
49.243,35.374,1236.5
74.821,95.679,2689.6
31.094,24.374,828.53
0.77053,74.827,1537.3
61.562,39.023,1423.9
35.757,84.476,2072.4
64.883,37.198,1421.7
84.598,70.761,2287.6
10.135,34.566,819.95
58.83,87.716,2377
58.238,75.053,2112.9
52.18,43.443,1424.8
45.46,40.066,1279.1
96.67,37.294,1742.1
18.231,44.325,1092.6
55.939,38.031,1349.9
62.647,7.2712,796.03
3.013,44.028,942.3
64.227,60.653,1889.5
83.816,30.478,1475.6
39.514,40.664,1239.2
43.734,10.101,673.65
8.4883,47.688,1071.9
58.138,29.241,1196.4
87.168,1.6283,925.97
20.691,88.442,2003.5
9.461,21.031,535.28
18.795,68.364,1583.4
66.784,15.439,1011
73.242,97.432,2713.4
63.101,50.266,1678.5
46.821,89.141,2280.1
31.436,72.649,1800.9
64.147,49.718,1666.4
56.203,60.721,1801.8
66.373,34.929,1392.5
12.488,52.621,1204.5
67.403,79.692,2293.2
68.031,27.368,1254.6
93.012,29.268,1544.5
82.882,34.815,1568.3
17.81,87.597,1957.4
94.924,9.3319,1162.4
19.962,20.668,639.37
21.768,30.276,853.19
0.85219,35.152,747.31
30.063,72.675,1778.3
27.447,88.633,2064.8
58.645,5.1926,719.87
39.655,7.8559,588.65
18.64,1.4486,233.3
39.282,19.334,813.35
15.459,2.6289,243.43
83.23,46.877,1800.7
14.975,24.338,656.72
67.955,91.992,2549.5
75.009,71.583,2214.6
1.489,48.865,1026.3
14.225,7.8074,331.94
3.0656,53.007,1124.5
80.87,66.605,2176.4
4.7146,60.771,1286.6
66.618,41.955,1540.5
45.603,11.08,698.84
80.3,81.661,2466.5
35.844,24.93,888.68
2.5334,50.918,1079.2
21.859,80.413,1852
71.091,50.983,1761.5
54.892,30.27,1191
86.969,86.193,2625.5
73.884,5.7394,887.4
10.323,73.076,1594.6
97.143,90.088,2800.2
73.871,46.404,1701.8
1.3858,46.936,985.61
67.912,15.381,1022.2
48.55,96.179,2436.8
3.4718,87.625,1817.5
11.444,48.863,1126.9
7.6625,40.708,915.45
60.782,12.658,893.81
23.347,92.543,2116.7
14.201,0.55811,190.94
53.017,18.639,942.79
93.03,32.406,1615
61.69,5.0187,741.65
68.989,14.454,1000.8
23.443,72.937,1716.5
20.684,48.228,1205
3.7366,33.806,740.85
66.336,23.677,1161.5
50.725,45.086,1438
48.58,18.545,886.18
86.17,32.425,1533.4
96.551,26.397,1523.6
75.969,83.008,2444.4
24.668,69.636,1665.2
67.627,33.354,1377.9
75.931,58.023,1947.1
58.619,28.784,1188.4
82.244,26.397,1387.9
92.684,25.99,1481.8
63.757,67.708,2023.9
1.8938,51.983,1090.2
18.434,7.6754,363.31
2.6741,5.5845,165.02
93.5,25.873,1486.4
48.447,43.993,1394.6
79.479,28.429,1390.7
45.684,67.877,1854.7
49.421,94.958,2420.4
42.571,77.396,2000.3
89.177,63.614,2191.6
87.429,75.358,2399.5
63.315,74.682,2159.4
29.228,58.603,1499.6
29.168,77.306,1870.5
